110100101
110010011
011110001
011010101
100110101
100001111
101101010
100111010
011010011
110010110
111110000
101101100
000110111
111101000
001110011
110000111
110111000
001100111
110110010
001001111
011011100
001111001
011101100
010100111
110101001
110011010
010111100
101010101
101001110
011100011
100101101
110101010
100101110
100110011
001110101
100011011
111010001
011100101
101001101
100010111
101011001
111000101
011001011
110001011
000111101
101110100
101001011
010011101
110011001
010011110
111000110
001010111
001101110
010011011
101000111
100011101
111011000
010001111
101110010
111001010
010101101
101011100
011110010
001111100
101110001
011001110
001011011
000111110
011101001
110100011
001011110
101100011
011110100
010110110
011111000
011001101
001101101
100111100
011010110
101101001
011000111
011101010
010010111
011011010
110010101
010101110
110100110
010110011
010101011
010111010
110001101
110011100
010111001
000111011
010110101
110001110
100110110
111100010
111010010
001101011
101010011
101100110
111100001
101010110
100100111
110110001
001111010
111100100
111010100
101111000
011011001
001011101
101011010
100101011
111001100
111001001
100111001
001110110
110110100
101100101
000101111
110101100
000011111
111000011
011100110
100011110
01111010
10010111
11100110
11001011
10111001
01101101
11010110
10111010
01001111
10011101
00011111
10001111
01101110
11110100
11100101
00101111
01100111
00111011
11011100
01011101
10101110
11101100
11110001
11010011
10110101
01110011
01011110
11001110
10101101
01101011
10100111
10111100
01011011
11111000
01010111
10101011
11010101
11101010
10110110
01111001
10110011
10011110
01111100
11011001
00111101
01110101
00110111
11110010
11011010
10011011
11101001
11000111
11100011
11001101
01110110
00111110
1101101
1101011
1111010
1111100
1100111
0110111
1101110
1110011
1011011
0111101
0111011
1001111
1011110
0011111
1111001
1011101
1110101
0111110
0101111
1010111
1110110
011101
110101
011110
101011
101101
101110
111100
001111
111010
100111
111001
010111
110110
011011
110011
10101
11100
00111
01110
11001
01011
01101
10011
10110
11010
1011
1101
1110
0111
101
011
110
10
01
